Cluster values: 14546.6 51306.1 1.57685 2.08495 1.59968 34.7879 0.490842 0.496682 0.430581 0.350146 0.269711 0.242102 38440.1 37200.6 33752.7 28374.3 25186.5 24283 3067.32 2709.11 2359.95 2205.42 2209.91 2084.52 0.284311 
Cluster values: 14554.8 25486 1.48173 2.08909 1.6524 33.8068 0.378879 0.378378 0.365115 0.267518 0.164414 0.0788288 12164.1 12036 11756.3 11562.7 10951.4 10112.6 2019.06 2008.58 1628.7 1492.37 1253.51 1207.97 0.34009 
Cluster values: 14606.7 75949.3 1.67387 1.92646 1.57831 34.0972 -0.177399 -0.429996 -0.518072 -0.614458 -0.677192 -0.705027 8548.41 6138.15 5443.82 5132.1 5212.36 5607.03 2415.9 2410.34 2097.64 2078.06 2383.43 2395.65 0.235563 
Cluster values: 14971.1 153427 1.69415 1.73812 1.56418 34.8881 -0.471387 -0.749434 -0.787585 -0.85354 -0.887488 -0.900097 9980.77 8135.15 7374.93 7062.04 6979.78 6859.26 3220.98 3320.6 3203.4 3137.01 2962.2 3446.95 0.18752 
Cluster values: 15144.8 176526 1.60739 1.92224 1.53474 35.8311 0.35819 0.345443 0.321861 0.29318 0.241555 0.265774 140511 139072 135030 125361 117318 113259 9788.28 8385.78 7245.96 6909.42 7224.52 6717.42 0.208413 
Cluster values: 15146.7 307067 1.64405 1.70459 1.51879 35.477 -0.0553236 -0.0741127 -0.0709812 -0.091858 -0.0981211 -0.122129 96182.2 86701.8 80044.4 73000.3 69899.8 67331.6 15327 15793.5 12926.8 12215.9 11491.4 12212.5 0.0730689 
Cluster values: 15165.4 227905 1.6647 1.61588 1.49195 36.5003 -0.624464 -0.887071 -0.899142 -0.920869 -0.936964 -0.94367 11045 9285.66 9101.77 8895.21 8743.1 9347.5 4334.73 4793.08 4468.72 4324.57 4949.27 5023.59 0.159335 
Cluster values: 15172 486342 1.56299 1.50391 1.4457 38.8766 -0.702867 -0.882711 -0.883579 -0.848827 -0.859253 -0.863597 23087.7 20767.4 20682.1 21781.2 22055.2 23591.6 9773.3 11146.5 11343.1 11566.6 12304.8 13890.8 0.110339 
Cluster values: 15189.8 138931 1.61021 1.94609 1.55296 35.2777 0.359256 0.352576 0.324427 0.270515 0.225668 0.226622 93159.8 90349.5 85132.8 77846.7 72919.8 70721.8 6661.99 6703.26 6082.95 5489.32 4920.66 4900.05 0.228531 
Cluster values: 15191.2 89614.9 1.59607 1.98537 1.58106 34.66 0.423566 0.405468 0.378514 0.326146 0.280709 0.249904 61873.5 60199.4 56538.3 50321.6 45316.5 43627.3 4590.15 4350.79 4004.01 3396.62 3340.99 3489.91 0.253754 
Cluster values: 15270.7 474769 1.48205 1.64615 1.45641 40.2615 0.507692 0.379487 0.312821 0.169231 0.123077 0.148718 440861 435788 431518 404038 379081 359428 24304.7 30592.6 30719.2 23216.8 23380.1 30166.4 0.235897 
Cluster values: 15298.9 362953 1.58366 1.73541 1.49805 37.7257 0.250973 0.229572 0.188716 0.163424 0.142023 0.140078 301230 295502 288540 262271 240917 228675 17218.4 22675.7 12988.7 12128.6 12745.1 15917.7 0.237354 
Cluster values: 15333.7 462067 1.55556 1.65116 1.48837 38.1163 -0.0775194 -0.116279 -0.152455 -0.118863 -0.0697674 -0.121447 162523 150244 153014 151975 140583 130546 26245.2 39755.6 32596.5 24293.3 20958.1 23678.9 0.0775194 
Cluster values: 15348 342483 1.6135 1.58037 1.45685 37.2339 -0.735787 -1.02372 -1.03436 -1.05562 -1.0499 -1.0773 10685.4 9550.03 9211.71 9480.28 9093.05 8118.79 5541.79 5726.93 5719.91 5167.31 4773.86 7033.04 0.151329 
Cluster values: 16162.6 248177 1.5588 1.84503 1.50228 36.8605 0.361896 0.340018 0.287147 0.223336 0.189608 0.172288 205759 203600 195636 178947 166486 160269 12649.6 10927.8 9601.02 9757.4 9943.37 9703.61 0.214221 
